
 ========================================
        UNETA KONFIGURACIJA MREZE
 ========================================

 ----------------------------------------
 Br. grane     GORNJI Cvor     DONJI Cvor
 ----------------------------------------
    1               0              1
    2               0              2
    3               0              3
    4               1              4
    5               2              5
    6               3              6
    7               3              7
    8               4              8
    9               5              9
   10               7             10


 ==================================================================
                 REZULTATI PRORACUNA TOKOVA SNAGA
 ==================================================================

 ------------------------------------------------------------------
 Br. cvora        Kompleksni napon [V]       Moduo napona [kV]
 ------------------------------------------------------------------
     1        ( 19981.5840,    -8.7405 )        19.9816
     2        ( 19945.2754,   -19.2827 )        19.9453
     3        ( 19987.8496,    -7.4696 )        19.9879
     4        ( 19973.6113,   -15.8526 )        19.9736
     5        ( 19878.1348,   -43.4568 )        19.8782
     6        ( 19988.3945,    -8.4403 )        19.9884
     7        ( 19976.7539,   -15.8836 )        19.9768
     8        ( 19975.7754,   -19.7290 )        19.9758
     9        ( 19850.7715,   -53.2849 )        19.8508
    10        ( 19977.2930,   -16.8514 )        19.9773

 ------------------------------------------------------------------
 Br. grane        Kompleksna struja [A]        Moduo struje [A]
 ------------------------------------------------------------------
     1        (  49.0539,      -3.2938 )        49.1643
     2        ( 137.8073,     -23.8784 )       139.8607
     3        (  34.3315,       1.3981 )        34.3600
     4        (  12.5799,       2.7884 )        12.8852
     5        (  67.8718,     -11.2834 )        68.8034
     6        (   0.0006,       1.3398 )         1.3398
     7        (  16.6328,       2.3195 )        16.7938
     8        (   0.0026,       2.6757 )         2.6757
     9        (  34.5421,      -5.7760 )        35.0217
    10        (   0.0011,       1.3368 )         1.3368

 ------------------------------------------------------------------
 Br. grane       Kompleksna snaga [kVA]   Gubici aktivne snage [kW]
 ------------------------------------------------------------------
     1        ( 1699.27588, 114.100037 )          1.515
     2        ( 4773.78320, 827.171509 )         12.265
     3        ( 1189.27856, -48.430485 )          0.741
     4        (  435.33554, -96.694008 )          0.208
     5        ( 2345.09302, 387.533752 )          7.420
     6        (    0.00225, -46.384861 )          0.002
     7        (  575.79773, -80.515533 )          0.353
     8        (    0.01796, -92.565376 )          0.018
     9        ( 1189.71851, 196.266190 )          1.539
    10        (    0.00224, -46.253574 )          0.002

 ------------------------------------------------------------------

 UKUPNI GUBICI AKTIVNE SNAGE MREZE:  24.063 [kW]

 ==================================================================

 Ukupan broj izvrsenih iteracija:  3

 ==================================================================

