   1      4001   
    0.2089     0.1169      0.0   1.159e-04       1.   
   2      4004   
    0.209      0.117       0.0   1.16e-04        1.
   3      4007   
    0.2091     0.1171      0.0   1.161e-04       1.   
   4      4002    
    0.2089     0.1169      0.0   1.159e-04       2.   
   5      4005    
    0.209      0.117       0.0   1.16e-04        2.5  
   6      4010    
    0.2091     0.1171      0.0   1.161e-04       2.   
   7      4008    
    0.2089     0.1169      0.0   1.159e-04       2.   
   8      4003    
    0.209      0.117       0.0   1.16e-04        4.   
   9      4006    
    0.2091     0.1171      0.0   1.161e-04       2.   
  10      4009    
    0.209      0.117       0.0   1.16e-04        2.   